0.jpg,2914.6,520.0,3100.0,790.0
1.jpg,2914.6,520.0,3100.0,790.0
2.jpg,2914.6,520.0,3100.0,790.0
3.jpg,2914.6,520.0,3100.0,790.0
4.jpg,2914.6,520.0,3100.0,790.0
5.jpg,2914.6,520.0,3100.0,790.0
6.jpg,2914.6,520.0,3100.0,790.0
7.jpg,2914.6,520.0,3100.0,790.0
8.jpg,2914.6,520.0,3100.0,790.0
9.jpg,2914.6,520.0,3100.0,790.0
10.jpg,2914.6,520.0,3100.0,790.0
11.jpg,2914.6,520.0,3100.0,790.0
12.jpg,2914.6,520.0,3100.0,790.0
13.jpg,2914.6,520.0,3100.0,790.0
14.jpg,2914.6,520.0,3100.0,790.0
15.jpg,2914.6,520.0,3100.0,790.0
16.jpg,2914.6,520.0,3100.0,790.0
17.jpg,2914.6,520.0,3100.0,790.0
18.jpg,2914.6,520.0,3100.0,790.0
19.jpg,2914.6,520.0,3100.0,790.0
20.jpg,2914.6,520.0,3100.0,790.0
21.jpg,2914.6,520.0,3100.0,790.0
22.jpg,2914.6,520.0,3100.0,790.0
23.jpg,2914.6,520.0,3100.0,790.0
24.jpg,2914.6,520.0,3100.0,790.0
25.jpg,2914.6,520.0,3100.0,790.0
26.jpg,2914.6,520.0,3100.0,790.0
27.jpg,2914.6,520.0,3100.0,790.0
28.jpg,2914.6,520.0,3100.0,790.0
29.jpg,2914.6,520.0,3100.0,790.0
30.jpg,2914.6,520.0,3100.0,790.0
31.jpg,2914.6,520.0,3100.0,790.0
32.jpg,2914.6,520.0,3100.0,790.0
33.jpg,2914.6,520.0,3100.0,790.0
34.jpg,2914.6,520.0,3100.0,790.0
35.jpg,2914.6,520.0,3100.0,790.0
36.jpg,2914.6,520.0,3100.0,790.0
37.jpg,2914.6,520.0,3100.0,790.0
38.jpg,2914.6,520.0,3100.0,790.0
39.jpg,2914.6,520.0,3100.0,790.0
40.jpg,2914.6,520.0,3100.0,790.0
41.jpg,2914.6,520.0,3100.0,790.0
42.jpg,2914.6,520.0,3100.0,790.0
43.jpg,2914.6,520.0,3100.0,790.0
44.jpg,2914.6,520.0,3100.0,790.0
45.jpg,2914.6,520.0,3100.0,790.0
46.jpg,2914.6,520.0,3100.0,790.0
47.jpg,2914.6,520.0,3100.0,790.0
48.jpg,2914.6,520.0,3100.0,790.0
49.jpg,2914.6,520.0,3100.0,790.0
50.jpg,2914.6,520.0,3100.0,790.0
51.jpg,2914.6,520.0,3100.0,790.0
52.jpg,2914.6,520.0,3100.0,790.0
53.jpg,2914.6,520.0,3100.0,790.0
54.jpg,2914.6,520.0,3100.0,790.0
55.jpg,2914.6,520.0,3100.0,790.0
56.jpg,2914.6,520.0,3100.0,790.0
57.jpg,2914.6,520.0,3100.0,790.0
58.jpg,2914.6,520.0,3100.0,790.0
59.jpg,2914.6,520.0,3100.0,790.0
60.jpg,2914.6,520.0,3100.0,790.0
61.jpg,2914.6,520.0,3100.0,790.0
62.jpg,2914.6,520.0,3100.0,790.0
63.jpg,2914.6,520.0,3100.0,790.0
64.jpg,2914.6,520.0,3100.0,790.0
65.jpg,2914.6,520.0,3100.0,790.0
66.jpg,2914.6,520.0,3100.0,790.0
67.jpg,2914.6,520.0,3100.0,790.0
68.jpg,2914.6,520.0,3100.0,790.0
69.jpg,2914.6,520.0,3100.0,790.0
70.jpg,2914.6,520.0,3100.0,790.0
71.jpg,2914.6,520.0,3100.0,790.0
72.jpg,2914.6,520.0,3100.0,790.0
73.jpg,2914.6,520.0,3100.0,790.0
74.jpg,2914.6,520.0,3100.0,790.0
75.jpg,2914.6,520.0,3100.0,790.0
76.jpg,2914.6,520.0,3100.0,790.0
77.jpg,2914.6,520.0,3100.0,790.0
78.jpg,2914.6,520.0,3100.0,790.0
79.jpg,2914.6,520.0,3100.0,790.0
80.jpg,2914.6,520.0,3100.0,790.0
81.jpg,2914.6,520.0,3100.0,790.0
82.jpg,2914.6,520.0,3100.0,790.0
83.jpg,2914.6,520.0,3100.0,790.0
84.jpg,2914.6,520.0,3100.0,790.0
85.jpg,2914.6,520.0,3100.0,790.0
86.jpg,2914.6,520.0,3100.0,790.0
87.jpg,2914.6,520.0,3100.0,790.0
88.jpg,2914.6,520.0,3100.0,790.0
89.jpg,2914.6,520.0,3100.0,790.0
90.jpg,2914.6,520.0,3100.0,790.0
91.jpg,2914.6,520.0,3100.0,790.0
92.jpg,2914.6,520.0,3100.0,790.0
93.jpg,2914.6,520.0,3100.0,790.0
94.jpg,2914.6,520.0,3100.0,790.0
95.jpg,2914.6,520.0,3100.0,790.0
96.jpg,2914.6,520.0,3100.0,790.0
97.jpg,2914.6,520.0,3100.0,790.0
98.jpg,2914.6,520.0,3100.0,790.0
99.jpg,2914.6,520.0,3100.0,790.0
100.jpg,2914.6,520.0,3100.0,790.0
101.jpg,2914.6,520.0,3100.0,790.0
102.jpg,2914.6,520.0,3100.0,790.0
103.jpg,2914.6,520.0,3100.0,790.0
104.jpg,2914.6,520.0,3100.0,790.0
105.jpg,2914.6,520.0,3100.0,790.0
106.jpg,2914.6,520.0,3100.0,790.0
107.jpg,2914.6,520.0,3100.0,790.0
108.jpg,2914.6,520.0,3100.0,790.0
109.jpg,2914.6,520.0,3100.0,790.0
110.jpg,2914.6,520.0,3100.0,790.0
111.jpg,2914.6,520.0,3100.0,790.0
112.jpg,2914.6,520.0,3100.0,790.0
113.jpg,2914.6,520.0,3100.0,790.0
114.jpg,2914.6,520.0,3100.0,790.0
115.jpg,2914.6,520.0,3100.0,790.0
116.jpg,2914.6,520.0,3100.0,790.0
117.jpg,2914.6,520.0,3100.0,790.0
118.jpg,2914.6,520.0,3100.0,790.0
119.jpg,2914.6,520.0,3100.0,790.0
120.jpg,2914.6,520.0,3100.0,790.0
121.jpg,2914.6,520.0,3100.0,790.0
122.jpg,2914.6,520.0,3100.0,790.0
123.jpg,2914.6,520.0,3100.0,790.0
124.jpg,2914.6,520.0,3100.0,790.0
125.jpg,2914.6,520.0,3100.0,790.0
126.jpg,2914.6,520.0,3100.0,790.0
127.jpg,2914.6,520.0,3100.0,790.0
128.jpg,2914.6,520.0,3100.0,790.0
129.jpg,2914.6,520.0,3100.0,790.0
130.jpg,2914.6,520.0,3100.0,790.0
131.jpg,2914.6,520.0,3100.0,790.0
132.jpg,2914.6,520.0,3100.0,790.0
133.jpg,2914.6,520.0,3100.0,790.0
134.jpg,2914.6,520.0,3100.0,790.0
135.jpg,2914.6,520.0,3100.0,790.0
136.jpg,2914.6,520.0,3100.0,790.0
137.jpg,2914.6,520.0,3100.0,790.0
138.jpg,2914.6,520.0,3100.0,790.0
139.jpg,2914.6,520.0,3100.0,790.0
140.jpg,2914.6,520.0,3100.0,790.0
141.jpg,2914.6,520.0,3100.0,790.0
142.jpg,2914.6,520.0,3100.0,790.0
143.jpg,2914.6,520.0,3100.0,790.0
144.jpg,2914.6,520.0,3100.0,790.0
145.jpg,2914.6,520.0,3100.0,790.0
146.jpg,2914.6,520.0,3100.0,790.0
147.jpg,2914.6,520.0,3100.0,790.0
148.jpg,2914.6,520.0,3100.0,790.0
149.jpg,2914.6,520.0,3100.0,790.0
150.jpg,2914.6,520.0,3100.0,790.0
151.jpg,2914.6,520.0,3100.0,790.0
152.jpg,2914.6,520.0,3100.0,790.0
153.jpg,2914.6,520.0,3100.0,790.0
154.jpg,2914.6,520.0,3100.0,790.0
155.jpg,2914.6,520.0,3100.0,790.0
156.jpg,2914.6,520.0,3100.0,790.0
157.jpg,2914.6,520.0,3100.0,790.0
158.jpg,2914.6,520.0,3100.0,790.0
159.jpg,2914.6,520.0,3100.0,790.0
160.jpg,2914.6,520.0,3100.0,790.0
161.jpg,2914.6,520.0,3100.0,790.0
162.jpg,2914.6,520.0,3100.0,790.0
163.jpg,2914.6,520.0,3100.0,790.0
164.jpg,2914.6,520.0,3100.0,790.0
165.jpg,2914.6,520.0,3100.0,790.0
166.jpg,2914.6,520.0,3100.0,790.0
167.jpg,2914.6,520.0,3100.0,790.0
168.jpg,2914.6,520.0,3100.0,790.0
169.jpg,2914.6,520.0,3100.0,790.0
170.jpg,2914.6,520.0,3100.0,790.0
171.jpg,2914.6,520.0,3100.0,790.0
172.jpg,2914.6,520.0,3100.0,790.0
173.jpg,2914.6,520.0,3100.0,790.0
174.jpg,2914.6,520.0,3100.0,790.0
175.jpg,2914.6,520.0,3100.0,790.0
176.jpg,2914.6,520.0,3100.0,790.0
177.jpg,2914.6,520.0,3100.0,790.0
178.jpg,2914.6,520.0,3100.0,790.0
179.jpg,2914.6,520.0,3100.0,790.0
180.jpg,2914.6,520.0,3100.0,790.0
181.jpg,2914.6,520.0,3100.0,790.0
182.jpg,2914.6,520.0,3100.0,790.0
183.jpg,2914.6,520.0,3100.0,790.0
184.jpg,2914.6,520.0,3100.0,790.0
185.jpg,2914.6,520.0,3100.0,790.0
186.jpg,2914.6,520.0,3100.0,790.0
187.jpg,2914.6,520.0,3100.0,790.0
188.jpg,2914.6,520.0,3100.0,790.0
189.jpg,2914.6,520.0,3100.0,790.0
190.jpg,2914.6,520.0,3100.0,790.0
191.jpg,2914.6,520.0,3100.0,790.0
192.jpg,2914.6,520.0,3100.0,790.0
193.jpg,2914.6,520.0,3100.0,790.0
194.jpg,2914.6,520.0,3100.0,790.0
195.jpg,2914.6,520.0,3100.0,790.0
196.jpg,2914.6,520.0,3100.0,790.0
197.jpg,2914.6,520.0,3100.0,790.0
198.jpg,2914.6,520.0,3100.0,790.0
199.jpg,2914.6,520.0,3100.0,790.0
200.jpg,2914.6,520.0,3100.0,790.0
201.jpg,2914.6,520.0,3100.0,790.0
202.jpg,2914.6,520.0,3100.0,790.0
203.jpg,2914.6,520.0,3100.0,790.0
204.jpg,2914.6,520.0,3100.0,790.0
